1	Q0	184	2
1	Q0	29	2
1	Q0	31	2
1	Q0	12	3
1	Q0	51	3
1	Q0	102	3
1	Q0	13	4
1	Q0	14	4
1	Q0	15	4
1	Q0	57	2
1	Q0	378	2
1	Q0	859	2
1	Q0	185	3
1	Q0	30	3
1	Q0	37	3
1	Q0	52	4
1	Q0	142	4
1	Q0	195	4
1	Q0	875	2
1	Q0	56	3
1	Q0	66	3
1	Q0	95	3
1	Q0	462	4
1	Q0	497	3
1	Q0	858	3
1	Q0	876	3
1	Q0	879	3
1	Q0	880	3
1	Q0	486	-1
2	Q0	12	1
2	Q0	15	2
2	Q0	184	2
2	Q0	858	2
2	Q0	51	3
2	Q0	102	3
2	Q0	202	3
2	Q0	14	4
2	Q0	52	4
2	Q0	380	4
2	Q0	746	1
2	Q0	859	2
2	Q0	948	2
2	Q0	285	3
2	Q0	390	3
2	Q0	391	3
2	Q0	442	4
2	Q0	497	3
2	Q0	643	3
2	Q0	856	3
2	Q0	857	3
2	Q0	877	3
2	Q0	864	3
2	Q0	658	3
2	Q0	486	-1
3	Q0	5	3
3	Q0	6	3
3	Q0	90	3
3	Q0	91	3
3	Q0	119	3
3	Q0	144	3
3	Q0	181	3
3	Q0	399	3
3	Q0	485	-1
4	Q0	236	3
4	Q0	166	3
4	Q0	488	-1
5	Q0	552	1
5	Q0	401	3
5	Q0	1297	3
5	Q0	1296	1
5	Q0	488	-1
6	Q0	99	2
6	Q0	115	3
6	Q0	257	3
6	Q0	258	3
6	Q0	491	-1
7	Q0	20	2
7	Q0	56	3
7	Q0	57	3
7	Q0	58	3
7	Q0	19	4
7	Q0	492	-1
8	Q0	48	1
8	Q0	122	1
8	Q0	20	3
8	Q0	58	3
8	Q0	196	3
8	Q0	354	1
8	Q0	360	1
8	Q0	197	3
8	Q0	999	3
8	Q0	1112	3
8	Q0	1005	1
8	Q0	492	-1
9	Q0	21	2
9	Q0	22	2
9	Q0	550	2
9	Q0	534	-1
10	Q0	259	2
10	Q0	405	2
10	Q0	302	3
10	Q0	436	3
10	Q0	437	3
10	Q0	438	3
10	Q0	998	3
10	Q0	1011	3
10	Q0	493	-1
11	Q0	27	3
11	Q0	28	3
11	Q0	262	3
11	Q0	160	4
11	Q0	20	4
11	Q0	263	3
11	Q0	654	4
11	Q0	495	-1
12	Q0	86	2
12	Q0	194	2
12	Q0	650	2
12	Q0	649	4
12	Q0	652	2
12	Q0	624	-1
13	Q0	64	2
13	Q0	265	2
13	Q0	65	4
13	Q0	311	4
13	Q0	496	-1
14	Q0	64	1
14	Q0	65	4
14	Q0	496	-1
15	Q0	463	1
15	Q0	462	3
15	Q0	497	-1
16	Q0	266	2
16	Q0	106	3
16	Q0	196	3
16	Q0	498	-1
17	Q0	106	2
17	Q0	196	3
17	Q0	498	-1
18	Q0	196	2
18	Q0	197	2
18	Q0	198	2
18	Q0	498	-1
19	Q0	32	2
19	Q0	67	2
19	Q0	164	2
19	Q0	639	3
19	Q0	715	3
19	Q0	716	3
19	Q0	719	4
19	Q0	1379	4
19	Q0	717	3
19	Q0	499	-1
20	Q0	87	3
20	Q0	88	3
20	Q0	104	3
20	Q0	267	3
20	Q0	268	3
20	Q0	269	3
20	Q0	270	3
20	Q0	407	3
20	Q0	408	3
20	Q0	500	-1
21	Q0	271	1
21	Q0	16	2
21	Q0	413	2
21	Q0	414	3
21	Q0	502	-1
22	Q0	68	1
22	Q0	502	-1
23	Q0	900	1
23	Q0	902	1
23	Q0	200	2
23	Q0	201	2
23	Q0	601	2
23	Q0	899	3
23	Q0	903	3
23	Q0	593	3
23	Q0	199	4
23	Q0	594	4
23	Q0	901	2
23	Q0	544	2
23	Q0	597	2
23	Q0	749	3
23	Q0	917	3
23	Q0	919	3
23	Q0	1333	4
23	Q0	634	2
23	Q0	687	2
23	Q0	698	2
23	Q0	1290	3
23	Q0	700	2
23	Q0	704	2
23	Q0	705	2
23	Q0	1109	2
23	Q0	1112	2
23	Q0	1141	2
23	Q0	1197	2
23	Q0	1256	2
23	Q0	1259	2
23	Q0	1272	2
23	Q0	1289	2
23	Q0	892	-1
24	Q0	46	2
24	Q0	47	2
24	Q0	92	3
24	Q0	756	-1
25	Q0	213	2
25	Q0	212	3
25	Q0	214	3
25	Q0	215	3
25	Q0	216	3
25	Q0	276	3
25	Q0	277	3
25	Q0	426	3
25	Q0	427	3
25	Q0	511	-1
26	Q0	145	1
26	Q0	611	1
26	Q0	376	2
26	Q0	406	2
26	Q0	565	2
26	Q0	1076	2
26	Q0	511	-1
27	Q0	224	2
27	Q0	278	3
27	Q0	428	3
27	Q0	512	-1
28	Q0	224	3
28	Q0	279	3
28	Q0	512	-1
29	Q0	250	2
29	Q0	514	2
29	Q0	609	2
29	Q0	225	3
29	Q0	793	3
29	Q0	464	4
29	Q0	465	4
29	Q0	612	2
29	Q0	466	4
29	Q0	513	-1
30	Q0	225	2
30	Q0	464	2
30	Q0	514	2
30	Q0	466	3
30	Q0	609	3
30	Q0	612	3
30	Q0	793	4
30	Q0	513	-1
31	Q0	776	4
31	Q0	751	-1
32	Q0	465	2
32	Q0	249	3
32	Q0	777	3
32	Q0	778	3
32	Q0	247	4
32	Q0	250	4
32	Q0	752	-1
33	Q0	252	3
33	Q0	431	3
33	Q0	141	4
33	Q0	516	-1
34	Q0	252	1
34	Q0	431	3
34	Q0	672	3
34	Q0	714	3
34	Q0	799	3
34	Q0	800	3
34	Q0	516	-1
35	Q0	166	1
35	Q0	167	1
35	Q0	132	3
35	Q0	517	-1
36	Q0	169	2
36	Q0	168	3
36	Q0	518	-1
37	Q0	173	2
37	Q0	188	2
37	Q0	172	3
37	Q0	97	3
37	Q0	121	3
37	Q0	187	3
37	Q0	242	3
37	Q0	409	3
37	Q0	487	3
37	Q0	519	-1
38	Q0	24	2
38	Q0	283	2
38	Q0	552	2
38	Q0	272	3
38	Q0	557	4
38	Q0	558	4
38	Q0	553	2
38	Q0	554	2
38	Q0	555	2
38	Q0	556	2
38	Q0	536	-1
39	Q0	272	1
39	Q0	555	1
39	Q0	24	2
39	Q0	283	2
39	Q0	552	2
39	Q0	79	3
39	Q0	207	3
39	Q0	418	3
39	Q0	557	4
39	Q0	554	2
39	Q0	556	2
39	Q0	505	3
39	Q0	1257	3
39	Q0	536	-1
40	Q0	24	2
40	Q0	283	2
40	Q0	552	2
40	Q0	272	3
40	Q0	85	3
40	Q0	976	3
40	Q0	557	4
40	Q0	558	4
40	Q0	553	2
40	Q0	554	2
40	Q0	555	2
40	Q0	556	2
40	Q0	536	-1
41	Q0	288	1
41	Q0	289	1
41	Q0	433	2
41	Q0	520	-1
42	Q0	468	2
42	Q0	467	3
42	Q0	469	3
42	Q0	470	3
42	Q0	775	4
42	Q0	521	-1
43	Q0	467	1
43	Q0	468	1
43	Q0	39	3
43	Q0	503	3
43	Q0	775	3
43	Q0	469	1
43	Q0	521	-1
44	Q0	302	3
44	Q0	436	3
44	Q0	437	4
44	Q0	524	-1
45	Q0	305	2
45	Q0	570	2
45	Q0	308	3
45	Q0	481	3
45	Q0	338	3
45	Q0	1226	4
45	Q0	1355	4
45	Q0	1185	3
45	Q0	629	3
45	Q0	663	3
45	Q0	798	3
45	Q0	572	3
45	Q0	525	-1
46	Q0	305	2
46	Q0	338	3
46	Q0	344	3
46	Q0	481	3
46	Q0	84	4
46	Q0	123	4
46	Q0	1185	4
46	Q0	623	3
46	Q0	570	3
46	Q0	798	3
46	Q0	1226	4
46	Q0	629	4
46	Q0	663	4
46	Q0	572	4
46	Q0	1355	4
46	Q0	525	-1
47	Q0	304	2
47	Q0	306	2
47	Q0	307	2
47	Q0	305	3
47	Q0	629	3
47	Q0	663	3
47	Q0	308	4
47	Q0	309	2
47	Q0	310	2
47	Q0	570	2
47	Q0	798	3
47	Q0	1185	3
47	Q0	1355	3
47	Q0	572	2
47	Q0	525	-1
48	Q0	439	2
48	Q0	311	3
48	Q0	316	3
48	Q0	440	3
48	Q0	187	4
48	Q0	314	4
48	Q0	315	4
48	Q0	797	3
48	Q0	798	3
48	Q0	794	4
48	Q0	265	4
48	Q0	526	-1
49	Q0	320	3
49	Q0	478	4
49	Q0	527	-1
50	Q0	326	2
50	Q0	629	2
50	Q0	21	4
50	Q0	94	4
50	Q0	22	4
50	Q0	306	4
50	Q0	528	-1
51	Q0	94	1
51	Q0	23	2
51	Q0	105	2
51	Q0	381	2
51	Q0	192	3
51	Q0	326	4
51	Q0	63	4
51	Q0	494	2
51	Q0	629	2
51	Q0	261	4
51	Q0	528	-1
52	Q0	21	2
52	Q0	22	2
52	Q0	306	2
52	Q0	326	4
52	Q0	528	-1
53	Q0	296	3
53	Q0	33	3
53	Q0	446	4
53	Q0	447	4
53	Q0	448	4
53	Q0	449	4
53	Q0	208	4
53	Q0	297	4
53	Q0	298	4
53	Q0	299	4
53	Q0	531	-1
54	Q0	84	2
54	Q0	24	3
54	Q0	101	3
54	Q0	294	3
54	Q0	628	4
54	Q0	661	4
54	Q0	364	3
54	Q0	365	3
54	Q0	560	3
54	Q0	123	-1
55	Q0	16	2
55	Q0	375	2
55	Q0	460	2
55	Q0	378	3
55	Q0	255	3
55	Q0	271	3
55	Q0	376	4
55	Q0	377	4
55	Q0	562	2
55	Q0	502	3
55	Q0	538	-1
56	Q0	380	2
56	Q0	749	3
56	Q0	1339	3
56	Q0	14	4
56	Q0	705	4
56	Q0	779	4
56	Q0	780	4
56	Q0	379	4
56	Q0	643	4
56	Q0	686	4
56	Q0	753	-1
57	Q0	380	2
57	Q0	593	3
57	Q0	746	3
57	Q0	914	3
57	Q0	14	4
57	Q0	379	4
57	Q0	705	4
57	Q0	779	4
57	Q0	780	4
57	Q0	704	4
57	Q0	12	4
57	Q0	15	4
57	Q0	857	4
57	Q0	859	4
57	Q0	753	-1
58	Q0	788	2
58	Q0	785	3
58	Q0	786	3
58	Q0	787	3
58	Q0	23	4
58	Q0	381	4
58	Q0	382	4
58	Q0	784	4
58	Q0	789	4
58	Q0	754	-1
59	Q0	788	2
59	Q0	785	3
59	Q0	786	3
59	Q0	787	3
59	Q0	754	-1
60	Q0	475	2
60	Q0	476	3
60	Q0	527	3
60	Q0	320	4
60	Q0	478	4
60	Q0	322	-1
61	Q0	565	2
61	Q0	566	2
61	Q0	564	3
61	Q0	1159	3
61	Q0	661	4
61	Q0	539	-1
62	Q0	566	1
62	Q0	567	2
62	Q0	1084	2
62	Q0	1078	3
62	Q0	1081	3
62	Q0	539	-1
63	Q0	567	1
63	Q0	564	3
63	Q0	566	3
63	Q0	539	-1
64	Q0	390	1
64	Q0	391	2
64	Q0	627	-1
65	Q0	2	2
65	Q0	3	2
65	Q0	128	2
65	Q0	180	3
65	Q0	323	3
65	Q0	324	3
65	Q0	418	4
65	Q0	664	2
65	Q0	629	2
65	Q0	393	3
65	Q0	394	3
65	Q0	659	3
65	Q0	4	3
65	Q0	384	3
65	Q0	1302	3
65	Q0	388	-1
66	Q0	664	2
66	Q0	629	2
66	Q0	180	3
66	Q0	659	3
66	Q0	660	3
66	Q0	388	-1
67	Q0	2	1
67	Q0	3	1
67	Q0	664	2
67	Q0	629	2
67	Q0	323	3
67	Q0	324	3
67	Q0	393	3
67	Q0	128	1
67	Q0	180	1
67	Q0	394	3
67	Q0	659	3
67	Q0	389	3
67	Q0	4	3
67	Q0	1302	3
67	Q0	388	-1
68	Q0	662	2
68	Q0	101	3
68	Q0	460	3
68	Q0	661	3
68	Q0	62	3
68	Q0	628	-1
69	Q0	458	2
69	Q0	570	2
69	Q0	977	3
69	Q0	62	3
69	Q0	336	4
69	Q0	540	-1
70	Q0	333	1
70	Q0	568	2
70	Q0	570	2
70	Q0	62	2
70	Q0	101	3
70	Q0	283	3
70	Q0	565	3
70	Q0	24	4
70	Q0	977	3
70	Q0	307	3
70	Q0	540	-1
71	Q0	569	1
71	Q0	571	1
71	Q0	1355	2
71	Q0	101	3
71	Q0	655	3
71	Q0	1213	3
71	Q0	798	4
71	Q0	572	1
71	Q0	540	-1
72	Q0	21	2
72	Q0	324	2
72	Q0	630	2
72	Q0	94	3
72	Q0	664	3
72	Q0	304	3
72	Q0	128	4
72	Q0	323	4
72	Q0	663	4
72	Q0	570	3
72	Q0	494	3
72	Q0	305	4
72	Q0	309	4
72	Q0	571	4
72	Q0	655	4
72	Q0	388	4
72	Q0	62	4
72	Q0	629	-1
73	Q0	332	2
73	Q0	572	2
73	Q0	578	2
73	Q0	573	3
73	Q0	574	3
73	Q0	421	3
73	Q0	25	4
73	Q0	317	4
73	Q0	577	4
73	Q0	401	2
73	Q0	625	2
73	Q0	160	3
73	Q0	1213	3
73	Q0	1304	3
73	Q0	1198	4
73	Q0	655	4
73	Q0	1355	4
73	Q0	68	3
73	Q0	571	3
73	Q0	1252	3
73	Q0	541	-1
74	Q0	576	2
74	Q0	656	2
74	Q0	575	3
74	Q0	317	4
74	Q0	574	4
74	Q0	578	4
74	Q0	541	-1
75	Q0	667	2
75	Q0	324	3
75	Q0	378	3
75	Q0	666	3
75	Q0	670	3
75	Q0	630	-1
76	Q0	378	2
76	Q0	667	2
76	Q0	324	3
76	Q0	666	3
76	Q0	670	3
76	Q0	1391	3
76	Q0	329	3
76	Q0	630	-1
77	Q0	668	2
77	Q0	666	3
77	Q0	667	3
77	Q0	670	3
77	Q0	329	4
77	Q0	1391	4
77	Q0	630	-1
78	Q0	588	2
78	Q0	589	3
78	Q0	590	3
78	Q0	543	-1
79	Q0	597	3
79	Q0	598	3
79	Q0	688	4
79	Q0	708	4
79	Q0	713	4
79	Q0	544	-1
80	Q0	594	1
80	Q0	597	1
80	Q0	596	3
80	Q0	598	3
80	Q0	544	-1
81	Q0	672	1
81	Q0	799	4
81	Q0	631	-1
82	Q0	676	2
82	Q0	677	2
82	Q0	678	3
82	Q0	679	3
82	Q0	205	3
82	Q0	632	-1
83	Q0	680	2
83	Q0	681	2
83	Q0	682	2
83	Q0	683	2
83	Q0	633	-1
84	Q0	606	2
84	Q0	406	2
84	Q0	608	3
84	Q0	142	3
84	Q0	294	3
84	Q0	354	4
84	Q0	522	4
84	Q0	962	3
84	Q0	1192	3
84	Q0	1213	3
84	Q0	873	4
84	Q0	546	-1
85	Q0	608	1
85	Q0	406	2
85	Q0	606	3
85	Q0	710	3
85	Q0	546	-1
86	Q0	594	3
86	Q0	790	3
86	Q0	755	-1
87	Q0	606	2
87	Q0	611	2
87	Q0	562	3
87	Q0	50	4
87	Q0	236	4
87	Q0	609	4
87	Q0	612	4
87	Q0	406	4
87	Q0	547	-1
88	Q0	613	2
88	Q0	614	2
88	Q0	615	2
88	Q0	616	3
88	Q0	617	3
88	Q0	618	4
88	Q0	548	-1
89	Q0	793	2
89	Q0	794	2
89	Q0	797	3
89	Q0	795	4
89	Q0	796	4
89	Q0	420	4
89	Q0	757	-1
90	Q0	794	2
90	Q0	797	2
90	Q0	798	2
90	Q0	793	3
90	Q0	796	3
90	Q0	291	3
90	Q0	800	4
90	Q0	1187	4
90	Q0	256	2
90	Q0	311	3
90	Q0	335	3
90	Q0	1364	3
90	Q0	1367	4
90	Q0	757	-1
91	Q0	252	2
91	Q0	801	2
91	Q0	797	3
91	Q0	799	3
91	Q0	800	3
91	Q0	793	4
91	Q0	794	4
91	Q0	1154	3
91	Q0	672	4
91	Q0	757	-1
92	Q0	802	2
92	Q0	803	2
92	Q0	808	3
92	Q0	809	3
92	Q0	811	3
92	Q0	804	4
92	Q0	805	4
92	Q0	806	4
92	Q0	253	3
92	Q0	1247	3
92	Q0	807	4
92	Q0	810	4
92	Q0	1243	4
92	Q0	758	-1
93	Q0	691	3
93	Q0	635	-1
94	Q0	24	1
94	Q0	283	3
94	Q0	294	3
94	Q0	559	3
94	Q0	689	4
94	Q0	690	4
94	Q0	101	4
94	Q0	1393	3
94	Q0	354	4
94	Q0	1104	4
94	Q0	1161	4
94	Q0	1395	4
94	Q0	635	-1
95	Q0	283	1
95	Q0	662	4
95	Q0	635	-1
96	Q0	703	3
96	Q0	704	3
96	Q0	705	3
96	Q0	698	4
96	Q0	699	4
96	Q0	700	4
96	Q0	1289	3
96	Q0	779	3
96	Q0	701	4
96	Q0	702	4
96	Q0	706	4
96	Q0	792	4
96	Q0	1339	4
96	Q0	637	-1
97	Q0	699	3
97	Q0	700	3
97	Q0	701	3
97	Q0	698	4
97	Q0	1289	4
97	Q0	702	3
97	Q0	703	3
97	Q0	779	3
97	Q0	1339	4
97	Q0	681	3
97	Q0	637	-1
98	Q0	713	2
98	Q0	708	4
98	Q0	709	4
98	Q0	711	4
98	Q0	712	4
98	Q0	638	-1
99	Q0	717	2
99	Q0	719	2
99	Q0	1001	3
99	Q0	1379	3
99	Q0	639	-1
100	Q0	821	2
100	Q0	822	2
100	Q0	824	2
100	Q0	820	3
100	Q0	823	3
100	Q0	825	3
100	Q0	1122	2
100	Q0	1051	3
100	Q0	1121	3
100	Q0	760	-1
101	Q0	817	2
101	Q0	818	2
101	Q0	819	2
101	Q0	820	3
101	Q0	825	3
101	Q0	824	2
101	Q0	760	-1
102	Q0	728	1
102	Q0	913	2
102	Q0	910	3
102	Q0	911	4
102	Q0	729	-1
103	Q0	826	3
103	Q0	828	3
103	Q0	761	-1
104	Q0	833	3
104	Q0	834	3
104	Q0	835	3
104	Q0	836	3
104	Q0	837	3
104	Q0	762	-1
105	Q0	848	3
105	Q0	844	4
105	Q0	845	4
105	Q0	846	4
105	Q0	847	4
105	Q0	764	-1
106	Q0	847	2
106	Q0	846	3
106	Q0	849	3
106	Q0	844	4
106	Q0	845	4
106	Q0	764	-1
107	Q0	725	2
107	Q0	728	2
107	Q0	729	3
107	Q0	911	3
107	Q0	720	4
107	Q0	75	4
107	Q0	909	4
107	Q0	640	-1
108	Q0	724	2
108	Q0	726	2
108	Q0	727	2
108	Q0	75	3
108	Q0	909	3
108	Q0	720	4
108	Q0	723	4
108	Q0	640	-1
109	Q0	860	1
109	Q0	861	1
109	Q0	606	3
109	Q0	980	3
109	Q0	12	3
109	Q0	766	-1
110	Q0	862	1
110	Q0	863	1
110	Q0	31	3
110	Q0	1174	4
110	Q0	766	-1
111	Q0	15	2
111	Q0	391	2
111	Q0	864	2
111	Q0	914	3
111	Q0	392	3
111	Q0	627	3
111	Q0	658	3
111	Q0	894	-1
112	Q0	731	3
112	Q0	730	4
112	Q0	641	-1
113	Q0	746	3
113	Q0	748	3
113	Q0	749	3
113	Q0	265	3
113	Q0	643	-1
114	Q0	919	1
114	Q0	916	2
114	Q0	920	3
114	Q0	921	3
114	Q0	895	-1
115	Q0	51	2
115	Q0	185	2
115	Q0	878	3
115	Q0	874	4
115	Q0	184	-1
116	Q0	922	1
116	Q0	360	3
116	Q0	605	3
116	Q0	927	3
116	Q0	492	4
116	Q0	896	-1
117	Q0	360	2
117	Q0	605	3
117	Q0	896	-1
118	Q0	923	2
118	Q0	924	3
118	Q0	925	3
118	Q0	896	-1
119	Q0	926	4
119	Q0	897	-1
120	Q0	829	2
120	Q0	887	2
120	Q0	890	2
120	Q0	885	3
120	Q0	886	3
120	Q0	888	3
120	Q0	889	4
120	Q0	1146	2
120	Q0	891	3
120	Q0	769	-1
121	Q0	885	1
121	Q0	886	1
121	Q0	1146	2
121	Q0	887	1
121	Q0	888	1
121	Q0	890	1
121	Q0	891	1
121	Q0	769	-1
122	Q0	931	4
122	Q0	932	2
122	Q0	934	4
122	Q0	935	4
122	Q0	936	2
122	Q0	937	2
122	Q0	938	2
122	Q0	957	3
122	Q0	1131	3
122	Q0	898	-1
123	Q0	966	2
123	Q0	967	3
123	Q0	941	-1
124	Q0	967	2
124	Q0	968	2
124	Q0	964	3
124	Q0	965	3
124	Q0	941	-1
125	Q0	969	2
125	Q0	970	2
125	Q0	971	2
125	Q0	187	3
125	Q0	973	3
125	Q0	173	3
125	Q0	974	4
125	Q0	177	4
125	Q0	972	2
125	Q0	174	2
125	Q0	997	2
125	Q0	176	3
125	Q0	409	3
125	Q0	946	3
125	Q0	992	3
125	Q0	994	3
125	Q0	995	3
125	Q0	942	-1
126	Q0	974	2
126	Q0	1326	2
126	Q0	187	3
126	Q0	969	3
126	Q0	970	3
126	Q0	971	3
126	Q0	972	3
126	Q0	973	3
126	Q0	942	-1
127	Q0	101	2
127	Q0	164	2
127	Q0	981	3
127	Q0	982	4
127	Q0	983	4
127	Q0	944	-1
128	Q0	985	3
128	Q0	990	3
128	Q0	945	-1
129	Q0	985	2
129	Q0	987	2
129	Q0	984	3
129	Q0	988	3
129	Q0	989	3
129	Q0	986	4
129	Q0	990	3
129	Q0	945	-1
130	Q0	766	2
130	Q0	858	3
130	Q0	859	3
130	Q0	1008	3
130	Q0	12	3
130	Q0	948	-1
131	Q0	1014	2
131	Q0	1020	2
131	Q0	1013	3
131	Q0	1016	3
131	Q0	1017	3
131	Q0	1012	4
131	Q0	1018	3
131	Q0	1019	3
131	Q0	950	-1
132	Q0	1014	1
132	Q0	1013	3
132	Q0	1015	3
132	Q0	1016	3
132	Q0	1012	4
132	Q0	1018	4
132	Q0	1019	4
132	Q0	1017	3
132	Q0	951	3
132	Q0	1023	3
132	Q0	1020	4
132	Q0	952	4
132	Q0	1024	4
132	Q0	1025	3
132	Q0	1026	3
132	Q0	950	-1
133	Q0	1020	1
133	Q0	1018	2
133	Q0	1019	2
133	Q0	1024	3
133	Q0	1012	4
133	Q0	1016	4
133	Q0	1022	4
133	Q0	950	-1
134	Q0	1027	2
134	Q0	1028	3
134	Q0	951	-1
135	Q0	1018	1
135	Q0	1017	4
135	Q0	1023	4
135	Q0	1024	4
135	Q0	1025	4
135	Q0	1026	4
135	Q0	950	4
135	Q0	1016	4
135	Q0	951	-1
136	Q0	1021	1
136	Q0	1022	4
136	Q0	1034	4
136	Q0	951	-1
137	Q0	1029	2
137	Q0	1034	3
137	Q0	951	3
137	Q0	1021	3
137	Q0	952	-1
138	Q0	846	1
138	Q0	1036	1
138	Q0	953	-1
139	Q0	1031	2
139	Q0	1032	2
139	Q0	1035	2
139	Q0	1037	4
139	Q0	953	-1
140	Q0	1038	1
140	Q0	1039	1
140	Q0	1041	2
140	Q0	1042	2
140	Q0	1043	4
140	Q0	1044	4
140	Q0	954	-1
141	Q0	1038	1
141	Q0	1041	1
141	Q0	1043	2
141	Q0	1044	2
141	Q0	1039	3
141	Q0	1042	3
141	Q0	954	-1
142	Q0	1042	1
142	Q0	954	-1
143	Q0	1043	1
143	Q0	1044	1
143	Q0	954	-1
144	Q0	840	2
144	Q0	1045	2
144	Q0	763	3
144	Q0	838	3
144	Q0	839	3
144	Q0	841	3
144	Q0	955	-1
145	Q0	763	2
145	Q0	838	2
145	Q0	839	2
145	Q0	1045	3
145	Q0	743	3
145	Q0	852	4
145	Q0	841	2
145	Q0	955	-1
146	Q0	840	1
146	Q0	1045	3
146	Q0	955	-1
147	Q0	889	3
147	Q0	1046	3
147	Q0	1048	3
147	Q0	1047	4
147	Q0	1049	4
147	Q0	1051	4
147	Q0	1050	3
147	Q0	843	3
147	Q0	926	4
147	Q0	822	4
147	Q0	956	-1
148	Q0	889	2
148	Q0	1048	2
148	Q0	1050	2
148	Q0	1046	3
148	Q0	1049	3
148	Q0	843	3
148	Q0	956	-1
149	Q0	1057	3
149	Q0	1058	3
149	Q0	1059	3
149	Q0	1052	4
149	Q0	930	3
149	Q0	931	3
149	Q0	934	3
149	Q0	936	3
149	Q0	937	3
149	Q0	938	3
149	Q0	1131	3
149	Q0	957	-1
150	Q0	1074	3
150	Q0	1075	3
150	Q0	1062	-1
151	Q0	687	2
151	Q0	1076	2
151	Q0	1074	3
151	Q0	1075	4
151	Q0	1077	4
151	Q0	1062	-1
152	Q0	1076	1
152	Q0	1077	3
152	Q0	569	3
152	Q0	572	3
152	Q0	687	4
152	Q0	655	3
152	Q0	1062	-1
153	Q0	1078	3
153	Q0	1083	3
153	Q0	1084	3
153	Q0	1080	4
153	Q0	1081	4
153	Q0	1082	4
153	Q0	1085	3
153	Q0	1063	-1
154	Q0	1087	2
154	Q0	1088	3
154	Q0	1063	-1
155	Q0	1103	1
155	Q0	1100	2
155	Q0	983	3
155	Q0	1101	3
155	Q0	1104	3
155	Q0	1099	4
155	Q0	1065	-1
156	Q0	983	1
156	Q0	1102	1
156	Q0	1097	2
156	Q0	1100	2
156	Q0	274	2
156	Q0	1096	3
156	Q0	1098	3
156	Q0	1099	3
156	Q0	1103	4
156	Q0	982	4
156	Q0	1104	1
156	Q0	553	2
156	Q0	1101	3
156	Q0	82	3
156	Q0	1065	-1
157	Q0	273	2
157	Q0	1105	2
157	Q0	1106	2
157	Q0	93	3
157	Q0	161	3
157	Q0	302	3
157	Q0	122	4
157	Q0	666	4
157	Q0	1107	2
157	Q0	556	2
157	Q0	25	2
157	Q0	1011	3
157	Q0	19	3
157	Q0	35	3
157	Q0	1355	4
157	Q0	372	2
157	Q0	410	2
157	Q0	456	2
157	Q0	36	3
157	Q0	44	3
157	Q0	215	3
157	Q0	626	2
157	Q0	1151	2
157	Q0	354	3
157	Q0	369	3
157	Q0	370	3
157	Q0	421	3
157	Q0	557	3
157	Q0	605	3
157	Q0	655	3
157	Q0	657	3
157	Q0	689	3
157	Q0	1307	3
157	Q0	318	3
157	Q0	423	3
157	Q0	1304	3
157	Q0	160	3
157	Q0	482	3
157	Q0	572	3
157	Q0	1006	-1
158	Q0	302	1
158	Q0	1011	1
158	Q0	552	2
158	Q0	998	3
158	Q0	1009	3
158	Q0	1010	3
158	Q0	273	4
158	Q0	556	4
158	Q0	1006	-1
159	Q0	234	3
159	Q0	1108	3
159	Q0	1110	3
159	Q0	1114	4
159	Q0	1115	4
159	Q0	1111	3
159	Q0	1112	3
159	Q0	231	3
159	Q0	1066	-1
160	Q0	1134	3
160	Q0	1137	3
160	Q0	1138	3
160	Q0	1135	4
160	Q0	1136	4
160	Q0	1071	-1
161	Q0	54	2
161	Q0	1386	2
161	Q0	562	3
161	Q0	336	3
161	Q0	55	4
161	Q0	996	4
161	Q0	489	-1
162	Q0	111	1
162	Q0	155	1
162	Q0	460	2
162	Q0	461	2
162	Q0	54	3
162	Q0	562	3
162	Q0	458	1
162	Q0	459	1
162	Q0	489	-1
163	Q0	20	3
163	Q0	56	3
163	Q0	57	3
163	Q0	492	-1
164	Q0	311	2
164	Q0	415	3
164	Q0	416	3
164	Q0	798	3
164	Q0	316	4
164	Q0	335	4
164	Q0	1364	3
164	Q0	1367	3
164	Q0	503	-1
165	Q0	71	1
165	Q0	72	1
165	Q0	504	-1
166	Q0	40	2
166	Q0	41	2
166	Q0	74	2
166	Q0	207	2
166	Q0	272	2
166	Q0	418	2
166	Q0	170	2
166	Q0	1264	2
166	Q0	504	-1
167	Q0	274	2
167	Q0	82	3
167	Q0	509	-1
168	Q0	217	1
168	Q0	774	1
168	Q0	750	-1
169	Q0	118	1
169	Q0	157	1
169	Q0	774	1
169	Q0	775	1
169	Q0	750	-1
170	Q0	139	2
170	Q0	238	2
170	Q0	239	3
170	Q0	904	3
170	Q0	906	3
170	Q0	672	3
170	Q0	893	-1
171	Q0	252	1
171	Q0	431	1
171	Q0	141	4
171	Q0	516	-1
172	Q0	320	1
172	Q0	321	1
172	Q0	322	3
172	Q0	476	3
172	Q0	527	-1
173	Q0	367	1
173	Q0	451	1
173	Q0	532	-1
174	Q0	58	1
174	Q0	411	1
174	Q0	36	2
174	Q0	423	4
174	Q0	482	1
174	Q0	533	-1
175	Q0	351	2
175	Q0	966	2
175	Q0	967	2
175	Q0	964	3
175	Q0	965	3
175	Q0	941	-1
176	Q0	582	1
176	Q0	583	1
176	Q0	584	3
176	Q0	585	3
176	Q0	978	4
176	Q0	586	1
176	Q0	982	1
176	Q0	542	-1
177	Q0	588	2
177	Q0	589	2
177	Q0	592	3
177	Q0	772	3
177	Q0	590	4
177	Q0	543	-1
178	Q0	591	1
178	Q0	590	3
178	Q0	588	4
178	Q0	589	4
178	Q0	543	-1
179	Q0	680	3
179	Q0	681	3
179	Q0	682	3
179	Q0	683	3
179	Q0	633	-1
180	Q0	622	2
180	Q0	619	3
180	Q0	620	3
180	Q0	621	3
180	Q0	617	4
180	Q0	616	4
180	Q0	1150	4
180	Q0	548	-1
181	Q0	973	2
181	Q0	974	2
181	Q0	409	2
181	Q0	997	3
181	Q0	1061	3
181	Q0	942	-1
182	Q0	685	1
182	Q0	686	3
182	Q0	634	-1
183	Q0	803	1
183	Q0	808	1
183	Q0	802	2
183	Q0	807	3
183	Q0	811	3
183	Q0	253	3
183	Q0	804	4
183	Q0	805	4
183	Q0	806	4
183	Q0	809	1
183	Q0	810	4
183	Q0	1243	4
183	Q0	1247	4
183	Q0	758	-1
184	Q0	32	3
184	Q0	67	3
184	Q0	715	3
184	Q0	717	4
184	Q0	716	3
184	Q0	499	3
184	Q0	1379	3
184	Q0	639	-1
185	Q0	858	2
185	Q0	859	2
185	Q0	857	2
185	Q0	1008	3
185	Q0	856	3
185	Q0	15	4
185	Q0	285	4
185	Q0	894	4
185	Q0	766	2
185	Q0	948	-1
186	Q0	1309	3
186	Q0	1378	3
186	Q0	923	3
186	Q0	161	4
186	Q0	421	4
186	Q0	1377	4
186	Q0	924	3
186	Q0	1062	3
186	Q0	1074	3
186	Q0	1379	4
186	Q0	1380	4
186	Q0	1075	3
186	Q0	225	3
186	Q0	1280	3
186	Q0	1305	3
186	Q0	1304	3
186	Q0	1188	-1
187	Q0	838	3
187	Q0	839	3
187	Q0	840	3
187	Q0	743	4
187	Q0	842	3
187	Q0	1045	3
187	Q0	763	-1
188	Q0	721	2
188	Q0	722	2
188	Q0	723	2
188	Q0	75	3
188	Q0	909	3
188	Q0	724	4
188	Q0	726	4
188	Q0	725	2
188	Q0	728	2
188	Q0	729	2
188	Q0	911	2
188	Q0	640	-1
189	Q0	395	2
189	Q0	866	2
189	Q0	869	2
189	Q0	865	3
189	Q0	868	3
189	Q0	870	3
189	Q0	867	4
189	Q0	872	3
189	Q0	873	3
189	Q0	767	-1
190	Q0	15	1
190	Q0	391	1
190	Q0	285	2
190	Q0	390	3
190	Q0	864	3
190	Q0	894	-1
191	Q0	914	1
191	Q0	915	1
191	Q0	285	2
191	Q0	857	2
191	Q0	858	2
191	Q0	15	3
191	Q0	391	3
191	Q0	856	3
191	Q0	390	4
191	Q0	1008	4
191	Q0	948	3
191	Q0	864	3
191	Q0	658	3
191	Q0	894	-1
192	Q0	733	1
192	Q0	734	1
192	Q0	735	1
192	Q0	736	1
192	Q0	641	-1
193	Q0	730	3
193	Q0	422	3
193	Q0	648	3
193	Q0	731	4
193	Q0	733	4
193	Q0	734	4
193	Q0	1392	3
193	Q0	735	4
193	Q0	736	4
193	Q0	641	-1
194	Q0	739	2
194	Q0	740	2
194	Q0	742	2
194	Q0	744	3
194	Q0	741	4
194	Q0	743	2
194	Q0	642	-1
195	Q0	739	3
195	Q0	742	3
195	Q0	743	3
195	Q0	642	-1
196	Q0	51	2
196	Q0	185	2
196	Q0	874	2
196	Q0	878	3
196	Q0	879	3
196	Q0	880	3
196	Q0	12	4
196	Q0	875	2
196	Q0	876	2
196	Q0	202	3
196	Q0	746	3
196	Q0	13	3
196	Q0	184	-1
197	Q0	881	2
197	Q0	883	3
197	Q0	884	3
197	Q0	768	-1
198	Q0	887	2
198	Q0	888	2
198	Q0	889	2
198	Q0	843	3
198	Q0	769	-1
199	Q0	1052	1
199	Q0	1053	1
199	Q0	1054	2
199	Q0	1055	2
199	Q0	1056	2
199	Q0	1060	2
199	Q0	743	2
199	Q0	744	2
199	Q0	957	-1
200	Q0	1134	2
200	Q0	1137	2
200	Q0	1138	2
200	Q0	1071	-1
201	Q0	552	2
201	Q0	625	2
201	Q0	1296	2
201	Q0	93	3
201	Q0	1151	3
201	Q0	401	3
201	Q0	110	4
201	Q0	1391	4
201	Q0	423	4
201	Q0	541	3
201	Q0	1295	3
201	Q0	318	3
201	Q0	1304	4
201	Q0	160	4
201	Q0	369	4
201	Q0	482	4
201	Q0	1140	-1
202	Q0	1303	2
202	Q0	1304	2
202	Q0	1309	2
202	Q0	1306	3
202	Q0	1308	3
202	Q0	605	3
202	Q0	602	4
202	Q0	603	4
202	Q0	604	4
202	Q0	1110	2
202	Q0	1305	4
202	Q0	1310	4
202	Q0	48	4
202	Q0	232	4
202	Q0	1285	-1
203	Q0	58	3
203	Q0	1305	3
203	Q0	1306	3
203	Q0	602	4
203	Q0	603	4
203	Q0	604	4
203	Q0	1307	3
203	Q0	1310	3
203	Q0	19	3
203	Q0	232	4
203	Q0	323	4
203	Q0	688	4
203	Q0	122	3
203	Q0	1188	4
203	Q0	1285	-1
204	Q0	572	2
204	Q0	1311	2
204	Q0	63	3
204	Q0	540	3
204	Q0	602	4
204	Q0	603	4
204	Q0	604	4
204	Q0	1305	4
204	Q0	1188	4
204	Q0	307	4
204	Q0	1213	4
204	Q0	655	4
204	Q0	1355	4
204	Q0	68	4
204	Q0	1285	-1
205	Q0	1321	2
205	Q0	1322	2
205	Q0	1287	-1
206	Q0	1338	2
206	Q0	1341	2
206	Q0	1340	3
206	Q0	1290	-1
207	Q0	1338	2
207	Q0	1339	2
207	Q0	1340	3
207	Q0	1341	3
207	Q0	879	4
207	Q0	1290	-1
208	Q0	163	3
208	Q0	1344	3
208	Q0	1345	3
208	Q0	164	4
208	Q0	1347	4
208	Q0	1346	3
208	Q0	1291	-1
209	Q0	1351	2
209	Q0	1356	2
209	Q0	1350	3
209	Q0	187	3
209	Q0	487	3
209	Q0	45	4
209	Q0	55	4
209	Q0	316	4
209	Q0	1383	3
209	Q0	1385	3
209	Q0	1106	4
209	Q0	1228	4
209	Q0	1292	-1
210	Q0	1171	2
210	Q0	891	3
210	Q0	1172	3
210	Q0	1173	3
210	Q0	1030	4
210	Q0	1174	3
210	Q0	1145	-1
211	Q0	891	2
211	Q0	1172	2
211	Q0	1173	3
211	Q0	1174	3
211	Q0	763	3
211	Q0	769	4
211	Q0	1030	4
211	Q0	1031	4
211	Q0	1033	4
211	Q0	1052	4
211	Q0	1068	4
211	Q0	1145	-1
212	Q0	888	2
212	Q0	889	2
212	Q0	1178	2
212	Q0	885	3
212	Q0	887	3
212	Q0	886	3
212	Q0	841	4
212	Q0	1176	4
212	Q0	1177	4
212	Q0	890	3
212	Q0	769	3
212	Q0	891	3
212	Q0	1173	3
212	Q0	843	3
212	Q0	1146	-1
213	Q0	888	1
213	Q0	885	2
213	Q0	887	2
213	Q0	889	2
213	Q0	1178	3
213	Q0	769	3
213	Q0	1173	3
213	Q0	1177	4
213	Q0	886	3
213	Q0	890	3
213	Q0	843	3
213	Q0	1146	-1
214	Q0	833	3
214	Q0	1361	3
214	Q0	1362	3
214	Q0	1363	3
214	Q0	1294	-1
215	Q0	37	4
215	Q0	35	4
215	Q0	535	-1
216	Q0	156	1
216	Q0	506	-1
217	Q0	666	1
217	Q0	667	1
217	Q0	1258	2
217	Q0	1394	2
217	Q0	668	3
217	Q0	670	3
217	Q0	1204	3
217	Q0	1391	4
217	Q0	1395	1
217	Q0	1300	3
217	Q0	37	3
217	Q0	559	3
217	Q0	630	3
217	Q0	1107	3
217	Q0	1213	3
217	Q0	1191	-1
218	Q0	24	1
218	Q0	101	1
218	Q0	666	3
218	Q0	667	3
218	Q0	93	3
218	Q0	1258	4
218	Q0	1393	1
218	Q0	559	3
218	Q0	630	3
218	Q0	662	3
218	Q0	1104	3
218	Q0	1107	3
218	Q0	1204	3
218	Q0	1213	3
218	Q0	1300	3
218	Q0	1191	-1
219	Q0	1391	1
219	Q0	666	2
219	Q0	667	2
219	Q0	1258	2
219	Q0	1078	3
219	Q0	1080	3
219	Q0	1081	3
219	Q0	1394	2
219	Q0	1395	2
219	Q0	1214	3
219	Q0	1198	3
219	Q0	1204	3
219	Q0	1300	3
219	Q0	559	3
219	Q0	630	3
219	Q0	662	3
219	Q0	1107	3
219	Q0	1213	3
219	Q0	1191	-1
220	Q0	1383	2
220	Q0	1385	2
220	Q0	155	3
220	Q0	241	3
220	Q0	1382	3
220	Q0	1370	4
220	Q0	1386	4
220	Q0	111	4
220	Q0	1384	3
220	Q0	150	3
220	Q0	292	3
220	Q0	458	4
220	Q0	479	4
220	Q0	977	4
220	Q0	376	3
220	Q0	459	3
220	Q0	1365	3
220	Q0	62	3
220	Q0	1366	3
220	Q0	1182	-1
221	Q0	155	2
221	Q0	1383	2
221	Q0	1385	2
221	Q0	1382	3
221	Q0	62	3
221	Q0	292	3
221	Q0	241	4
221	Q0	1370	4
221	Q0	1384	4
221	Q0	458	3
221	Q0	459	3
221	Q0	461	3
221	Q0	1386	4
221	Q0	1365	3
221	Q0	1366	3
221	Q0	111	3
221	Q0	150	3
221	Q0	479	3
221	Q0	1182	-1
222	Q0	400	3
222	Q0	419	3
222	Q0	1387	3
222	Q0	412	4
222	Q0	1392	4
222	Q0	1398	4
222	Q0	1397	3
222	Q0	1400	3
222	Q0	1399	4
222	Q0	1396	-1
223	Q0	400	3
223	Q0	1387	3
223	Q0	1392	3
223	Q0	1398	3
223	Q0	1396	-1
224	Q0	656	3
224	Q0	1313	3
224	Q0	1317	3
224	Q0	1316	4
224	Q0	1318	3
224	Q0	1319	3
224	Q0	1157	3
224	Q0	1274	3
224	Q0	1286	-1
225	Q0	1379	2
225	Q0	1305	2
225	Q0	1304	2
225	Q0	40	3
225	Q0	293	3
225	Q0	1309	3
225	Q0	161	4
225	Q0	421	4
225	Q0	1377	4
225	Q0	1378	3
225	Q0	1381	3
225	Q0	225	3
225	Q0	1380	4
225	Q0	448	3
225	Q0	449	3
225	Q0	1124	3
225	Q0	1280	3
225	Q0	433	3
225	Q0	923	3
225	Q0	924	3
225	Q0	1062	3
225	Q0	1074	3
225	Q0	1075	3
225	Q0	1213	3
225	Q0	1188	-1